-1
-1
-1
-1
-1
-1
-1
-1
-1
-1
-1
-1
-1
-1
-1
-1
-1
-1
-1
-1
-1
-1
-1
-1
-1
-1
-1
-1
-1
-1
-1
-1
0
9
40
81
77
80
82
38
41
42
83
59
3
28
4
30
142
143
144
145
146
147
148
149
150
151
6
7
65
63
66
8
84
152
153
154
155
156
157
158
159
160
161
162
163
164
165
142
166
167
168
169
170
171
172
173
174
175
176
45
76
46
15
17
37
177
178
179
180
181
182
183
184
185
186
187
188
189
190
191
192
193
194
195
196
197
198
199
200
201
202
47
34
48
16
-1
-1
-1
-1
-1
-1
-1
-1
-1
-1
-1
-1
-1
-1
-1
-1
-1
-1
-1
-1
-1
-1
-1
-1
-1
-1
-1
-1
-1
-1
-1
-1
-1
-1
2
53
54
1
5
367
286
288
290
292
294
352
354
356
320
27
287
289
291
293
295
296
298
300
302
304
306
308
310
312
314
316
318
321
323
325
327
328
329
330
331
332
335
338
341
344
347
348
349
350
351
353
355
357
358
359
360
361
362
364
368
10
11
203
204
205
206
-1
-1
-1
207
-1
208
209
-1
-1
210
-1
-1
-1
-1
-1
211
212
213
-1
-1
-1
-1
214
-1
-1
-1
-1
-1
